44.8977 8.5968
44.8976 8.5997
44.8996 8.6019
44.9016 8.6046
44.9034 8.6069
44.9042 8.6104
44.9042 8.6104
44.9042 8.6104
44.9042 8.6104
44.9042 8.6104
44.9042 8.6104
44.9042 8.6104
44.9053 8.6120
44.9073 8.6119
44.9087 8.6128
44.9088 8.6143
44.9105 8.6161
44.9127 8.6167
44.9149 8.6176
44.9171 8.6190
44.9184 8.6198
44.9184 8.6198
44.9184 8.6198
44.9184 8.6198
44.9184 8.6198
44.9184 8.6198
44.9184 8.6198
44.9205 8.6212
44.9226 8.6221
44.9226 8.6221
44.9226 8.6221
44.9226 8.6221
44.9226 8.6221
44.9226 8.6221
44.9226 8.6221
44.9226 8.6221
44.9226 8.6221
44.9248 8.6228
44.9258 8.6231