44.9076 8.6153
44.9126 8.6042
44.9213 8.5909
44.9288 8.5862
44.9366 8.5840
44.9377 8.5779
44.9351 8.5638
44.9341 8.5534
44.9317 8.5372
44.9292 8.5230
44.9267 8.5088
44.9242 8.4947
44.9218 8.4800
44.9202 8.4699
44.9185 8.4578
44.9157 8.4373
44.9137 8.4277
44.9118 8.4180
44.9098 8.4084
44.9073 8.3944
44.9061 8.3862
44.9048 8.3751
44.9045 8.3645
44.9042 8.3539
44.9056 8.3439
44.9094 8.3317
44.9097 8.3243
44.9092 8.3148
44.9102 8.2996
44.9097 8.2852
44.9087 8.2751
44.9085 8.2646
44.9087 8.2541
44.9109 8.2408
44.9127 8.2329
44.9145 8.2217
44.9162 8.2087
44.9174 8.1965
44.9142 8.1858
44.9096 8.1772
44.9059 8.1670
44.9038 8.1517
44.9029 8.1412
44.9015 8.1307
44.9023 8.1182
44.9036 8.1086
44.9045 8.0898
44.9033 8.0794
44.9021 8.0638
44.9073 8.0532
44.9149 8.0374
44.9224 8.0216
44.9299 8.0058
44.9375 7.9895
44.9453 7.9772
44.9482 7.9622
44.9496 7.9520
44.9510 7.9419
44.9524 7.9317
44.9539 7.9215
44.9546 7.9012
44.9554 7.8906
44.9561 7.8799
44.9568 7.8693
44.9575 7.8587
44.9582 7.8480
44.9589 7.8374
44.9596 7.8268
44.9603 7.8161
44.9610 7.8055
44.9617 7.7949
44.9624 7.7842
44.9632 7.7718
44.9644 7.7613
44.9657 7.7508
44.9669 7.7403
44.9682 7.7297
44.9694 7.7192
44.9708 7.7071
44.9760 7.7013
44.9835 7.6993
44.9882 7.6965
44.9928 7.6857
44.9975 7.6767
45.0031 7.6756
45.0084 7.6718
45.0157 7.6688
45.0232 7.6710
45.0306 7.6736
45.0380 7.6764
45.0454 7.6783
45.0505 7.6773
45.0581 7.6831
45.0598 7.6830
