44.6544 10.9280
44.6517 10.9329
44.6508 10.9372
44.6521 10.9419
44.6552 10.9479
44.6579 10.9546
44.6593 10.9609
44.6610 10.9675
44.6628 10.9740
44.6644 10.9803
44.6662 10.9870
44.6663 10.9939
44.6698 10.9986
44.6729 11.0097
44.6775 11.0117
44.6823 11.0149
44.6853 11.0205
44.6855 11.0274
44.6856 11.0343
44.6856 11.0343
44.6856 11.0343
44.6856 11.0343
44.6856 11.0343
44.6853 11.0411
44.6888 11.0447
44.6932 11.0474
44.6946 11.0520
44.6994 11.0549
44.6994 11.0549
44.6994 11.0549
44.6994 11.0549
44.6994 11.0549
44.6994 11.0549
44.6994 11.0549
44.6994 11.0549
44.6994 11.0549
44.6994 11.0549
44.7042 11.0578
44.7090 11.0607
44.7138 11.0633
44.7187 11.0655
44.7235 11.0684
44.7262 11.0743
44.7291 11.0790
44.7340 11.0829
44.7388 11.0885
44.7430 11.0917
44.7467 11.0977
44.7505 11.1046
44.7523 11.1107
44.7540 11.1147
44.7539 11.1215
44.7578 11.1246
44.7626 11.1256
44.7675 11.1267
44.7723 11.1278
44.7772 11.1289
44.7820 11.1309
44.7849 11.1374
44.7858 11.1441
44.7858 11.1510
44.7863 11.1578
44.7859 11.1647
44.7854 11.1716
44.7856 11.1784
44.7861 11.1852
44.7866 11.1920
44.7871 11.1989
44.7876 11.2057
44.7881 11.2125
44.7886 11.2193
44.7891 11.2262
44.7896 11.2330
44.7901 11.2398
44.7906 11.2466
44.7911 11.2535
44.7916 11.2603
44.7921 11.2671
44.7926 11.2739
44.7972 11.2783
44.7955 11.2858
44.8003 11.2903
44.8049 11.2964
44.8023 11.3059
44.8002 11.3121
44.7981 11.3184
44.7967 11.3235
44.8004 11.3297
44.8037 11.3371
44.8073 11.3421
44.8070 11.3486
44.8043 11.3548
44.8022 11.3615
44.7997 11.3675
44.7972 11.3734
44.7947 11.3794
44.7952 11.3882
44.7942 11.3968
44.7942 11.3968
44.7942 11.3968
44.7942 11.3968
44.7942 11.3968
44.7942 11.3968
44.7942 11.3968
44.7942 11.3968
44.7985 11.4034
44.8009 11.4124
44.8035 11.4190
44.8062 11.4246
44.8088 11.4303
44.8114 11.4359
44.8140 11.4416
44.8166 11.4472
44.8193 11.4522
44.8236 11.4580
44.8285 11.4646
44.8335 11.4735
44.8378 11.4828
44.8399 11.4899
44.8415 11.4955
44.8417 11.5022
44.8415 11.5090
44.8415 11.5090
44.8415 11.5090
44.8415 11.5090
44.8415 11.5090
44.8415 11.5090
44.8415 11.5090
44.8415 11.5090
44.8415 11.5090
44.8415 11.5090
44.8415 11.5090
44.8428 11.5157
44.8440 11.5224
44.8453 11.5291
44.8465 11.5358
44.8477 11.5425
44.8490 11.5492
44.8523 11.5551
44.8507 11.5608
44.8491 11.5666
44.8481 11.5727
44.8481 11.5727
44.8481 11.5727
44.8481 11.5727
44.8481 11.5727
44.8481 11.5727
44.8472 11.5776
44.8477 11.5837
44.8475 11.5905
44.8471 11.5973
44.8458 11.6038
44.8436 11.6125
44.8414 11.6170
44.8400 11.6192
