45.0638 7.6601
45.0638 7.6601
45.0638 7.6601
45.0638 7.6601
45.0638 7.6601
45.0638 7.6601
45.0638 7.6601
45.0638 7.6601
45.0669 7.6619
45.0703 7.6634
45.0722 7.6580
45.0732 7.6551
45.0744 7.6517
45.0756 7.6476
45.0756 7.6429
45.0753 7.6381
45.0751 7.6332
45.0750 7.6285
45.0747 7.6237
45.0746 7.6189
45.0744 7.6141
45.0742 7.6093
45.0741 7.6067
45.0716 7.6054
45.0711 7.6026
45.0710 7.5978
45.0709 7.5936
45.0720 7.5904
45.0731 7.5900
45.0733 7.5947
45.0736 7.5921
45.0736 7.5882
45.0759 7.5888
45.0786 7.5896
45.0788 7.5877
45.0817 7.5878
45.0850 7.5877
45.0879 7.5861
45.0906 7.5845
45.0927 7.5812
45.0950 7.5798
45.0967 7.5788
45.0987 7.5789
45.1011 7.5872
45.1022 7.5910
45.1042 7.5982
45.1056 7.6031
45.1070 7.6069
45.1098 7.6131
45.1130 7.6198
45.1147 7.6234
45.1160 7.6268
45.1184 7.6348
45.1185 7.6371
45.1173 7.6355
45.1152 7.6310
45.1134 7.6300
45.1124 7.6296
45.1098 7.6293
45.1092 7.6293
45.1089 7.6338
45.1084 7.6366
45.1075 7.6380
45.1068 7.6384
45.1064 7.6416
45.1062 7.6450
45.1062 7.6478
45.1079 7.6514
45.1102 7.6545
45.1114 7.6568
45.1118 7.6593
45.1118 7.6593
45.1118 7.6593
45.1118 7.6593
45.1118 7.6593
45.1118 7.6593
45.1118 7.6593
45.1118 7.6593
45.1118 7.6593
45.1118 7.6593
45.1118 7.6593
45.1118 7.6593
45.1118 7.6593
45.1118 7.6593
45.1118 7.6593
45.1118 7.6593
45.1118 7.6593
45.1118 7.6593
45.1118 7.6593
45.1118 7.6593
45.1118 7.6593
45.1118 7.6593
45.1118 7.6593
45.1118 7.6593
45.1118 7.6593
45.1118 7.6593
45.1118 7.6593
45.1118 7.6593
45.1118 7.6593
45.1118 7.6593