45.4628 9.1723
45.4628 9.1723
45.4628 9.1723
45.4628 9.1723
45.4628 9.1723
45.4628 9.1723
45.4628 9.1723
45.4665 9.1604
45.4746 9.1438
45.4828 9.1434
45.4870 9.1432
45.4947 9.1315
45.5032 9.1307
45.5113 9.1278
45.5160 9.1197
45.5152 9.1082
45.5147 9.0965
45.5143 9.0849
45.5134 9.0713
45.5126 9.0617
45.5108 9.0503
45.5098 9.0386
45.5087 9.0270
45.5073 9.0142
45.5065 9.0025
45.5055 8.9908
45.5046 8.9791
45.5037 8.9674
45.5024 8.9547
45.5015 8.9431
45.5006 8.9314
45.4988 8.9197
45.4983 8.9080
45.4983 8.9080
45.4983 8.9080
45.4983 8.9080
45.4983 8.9080
45.4983 8.9080
45.4983 8.9080
45.4950 8.8920
45.4932 8.8817
45.4914 8.8715
45.4889 8.8617
45.4851 8.8509
45.4819 8.8423
45.4777 8.8310
45.4735 8.8216
45.4714 8.8145
45.4703 8.8073
45.4700 8.7956
45.4696 8.7840
45.4688 8.7725
45.4678 8.7610
45.4673 8.7495
45.4675 8.7378
45.4676 8.7261
45.4676 8.7261
45.4676 8.7261
45.4676 8.7261
45.4677 8.7144
45.4679 8.7027
45.4680 8.6910
45.4682 8.6793
45.4683 8.6676
45.4684 8.6559
45.4686 8.6442
45.4692 8.6325
45.4699 8.6231
45.4716 8.6117
45.4730 8.6003
45.4748 8.5873
45.4749 8.5756
45.4737 8.5639
45.4721 8.5422
45.4707 8.5307
45.4694 8.5192
45.4681 8.5077
45.4668 8.4962
45.4655 8.4847
45.4650 8.4730
45.4650 8.4613
45.4650 8.4496
45.4647 8.4379
45.4642 8.4262
45.4633 8.4146
45.4628 8.4030
45.4623 8.3913
45.4614 8.3785
45.4604 8.3670
45.4578 8.3518
45.4560 8.3421
45.4542 8.3323
45.4524 8.3226
45.4506 8.3128
45.4489 8.3031
45.4471 8.2933
45.4453 8.2836
45.4443 8.2738
45.4428 8.2597
45.4413 8.2509
45.4398 8.2422
45.4384 8.2337
45.4367 8.2249
45.4346 8.2163
45.4325 8.2091
45.4299 8.2020
45.4277 8.1963
45.4255 8.1916
45.4223 8.1858
45.4184 8.1798
45.4144 8.1743
45.4103 8.1693
45.4059 8.1643
45.3949 8.1522
45.3838 8.1402
45.3727 8.1282
45.3616 8.1162
45.3505 8.1042
45.3395 8.0922
45.3284 8.0802
45.3173 8.0682
45.3063 8.0562
45.2952 8.0442
45.2841 8.0322
45.2730 8.0201
45.2620 8.0081
45.2558 8.0007
45.2514 7.9940
45.2477 7.9870
45.2443 7.9790
45.2407 7.9680
45.2372 7.9575
45.2312 7.9416
45.2255 7.9279
45.2199 7.9142
45.2142 7.9004
45.2073 7.8844
45.2016 7.8713
45.1963 7.8590
45.1913 7.8475
45.1866 7.8381
45.1822 7.8293
45.1777 7.8205
45.1732 7.8115
45.1670 7.7989
45.1670 7.7989
45.1670 7.7989
45.1670 7.7989
45.1670 7.7989
45.1670 7.7989
45.1670 7.7989
45.1670 7.7989
45.1670 7.7989
45.1670 7.7989
45.1608 7.7864
45.1546 7.7738
45.1485 7.7612
45.1423 7.7486
45.1361 7.7360
45.1287 7.7218
45.1245 7.7149
45.1193 7.7113
45.1147 7.7083
45.1107 7.7061
45.1054 7.7024
45.1023 7.6999
45.0931 7.6942
45.0931 7.6942
45.0931 7.6942
45.0931 7.6942
45.0931 7.6942
45.0931 7.6942
45.0931 7.6942
45.0847 7.6930
45.0763 7.6925
45.0717 7.6927
45.0645 7.6973
45.0607 7.6925
45.0606 7.6848
45.0598 7.6830