44.8910 8.8564
44.8950 8.8557
44.8949 8.8494
44.8948 8.8431
44.8947 8.8367
44.8946 8.8304
44.8944 8.8240
44.8941 8.8177
44.8935 8.8114
44.8929 8.8051
44.8923 8.7988
44.8919 8.7925
44.8913 8.7862
44.8907 8.7799
44.8901 8.7736
44.8895 8.7673
44.8890 8.7610
44.8884 8.7547
44.8878 8.7484
44.8872 8.7421
44.8867 8.7358
44.8861 8.7295
44.8855 8.7232
44.8849 8.7169
44.8844 8.7106
44.8833 8.7045
44.8814 8.7001
44.8837 8.6971
44.8876 8.6922
44.8919 8.6826
44.8931 8.6769
44.8941 8.6713
44.8961 8.6660
44.8986 8.6606
44.9011 8.6552
44.9036 8.6496
44.9061 8.6441
44.9085 8.6387
44.9090 8.6356
44.9096 8.6315
44.9135 8.6298
44.9168 8.6237
44.9191 8.6204
44.9234 8.6223
44.9258 8.6231
