44.8105 10.3196
44.8137 10.3256
44.8217 10.3273
44.8277 10.3297
44.8339 10.3338
44.8400 10.3408
44.8463 10.3409
44.8527 10.3423
44.8590 10.3442
44.8653 10.3461
44.8717 10.3480
44.8780 10.3500
44.8843 10.3510
44.8907 10.3500
44.8970 10.3502
44.9034 10.3507
44.9097 10.3512
44.9161 10.3517
44.9224 10.3529
44.9284 10.3563
44.9341 10.3604
44.9392 10.3662
44.9431 10.3756
44.9482 10.3794
44.9546 10.3815
44.9609 10.3876
44.9641 10.3992
44.9691 10.4074
44.9740 10.4157
44.9790 10.4246
44.9830 10.4344
44.9852 10.4431
44.9873 10.4519
44.9882 10.4593
44.9890 10.4667
44.9899 10.4732
44.9912 10.4807
44.9926 10.4868
44.9950 10.4928
44.9984 10.5028
45.0034 10.5147
45.0084 10.5175
45.0137 10.5244
45.0189 10.5312
45.0252 10.5340
45.0315 10.5383
45.0378 10.5447
45.0441 10.5474
45.0504 10.5504
45.0566 10.5561
45.0607 10.5699
45.0632 10.5796
45.0694 10.5872
45.0757 10.5916
45.0822 10.5984
45.0886 10.6116
45.0949 10.6268
45.1012 10.6420
45.1075 10.6572
45.1138 10.6724
45.1201 10.6877
45.1264 10.7029
45.1327 10.7181
45.1378 10.7317
45.1437 10.7459
45.1496 10.7602
45.1541 10.7728
45.1578 10.7818
45.1637 10.7887
45.1653 10.7932
45.1607 10.8015
45.1624 10.8085
45.1637 10.8140
45.1639 10.8213
45.1648 10.8270
45.1659 10.8324
45.1661 10.8385
45.1653 10.8446
45.1645 10.8504
45.1673 10.8574
45.1724 10.8557
45.1788 10.8525
45.1852 10.8493
45.1916 10.8482
45.1979 10.8473
45.2043 10.8473
45.2106 10.8498
45.2170 10.8528
45.2233 10.8560
45.2297 10.8593
45.2361 10.8626
45.2424 10.8647
45.2487 10.8669
45.2551 10.8690
45.2614 10.8711
45.2678 10.8732
45.2741 10.8767
45.2805 10.8817
45.2868 10.8866
45.2930 10.8929
45.2991 10.8992
45.3053 10.9048
45.3115 10.9080
45.3177 10.9113
45.3240 10.9152
45.3303 10.9174
45.3367 10.9181
45.3431 10.9188
45.3494 10.9195
45.3558 10.9202
45.3621 10.9202
45.3685 10.9182
45.3748 10.9151
45.3812 10.9119
45.3875 10.9088
45.3939 10.9090
45.4002 10.9110
45.4063 10.9147
45.4045 10.9255
45.4022 10.9366
45.3999 10.9479
45.3980 10.9576
45.3971 10.9691
45.3962 10.9687
45.3976 10.9678
45.4001 10.9724
45.4072 10.9760
45.4144 10.9797
45.4224 10.9837
45.4304 10.9878
45.4329 10.9912
45.4370 10.9946
45.4386 10.9985
