45.4083 11.8751
45.4116 11.8601
45.4206 11.8549
45.4283 11.8606
45.4360 11.8663
45.4437 11.8639
45.4457 11.8623
45.4468 11.8519
45.4497 11.8415
45.4518 11.8308
45.4536 11.8199
45.4553 11.8090
45.4571 11.7981
45.4601 11.7876
45.4631 11.7771
45.4649 11.7663
45.4665 11.7554
45.4682 11.7445
45.4705 11.7337
45.4735 11.7233
45.4764 11.7129
45.4794 11.7025
45.4828 11.6924
45.4862 11.6826
45.4897 11.6728
45.4932 11.6603
45.4962 11.6496
45.4998 11.6393
45.5034 11.6291
45.5070 11.6189
45.5105 11.6086
45.5141 11.5984
45.5174 11.5879
45.5170 11.5768
45.5161 11.5656
45.5158 11.5544
45.5163 11.5432
45.5173 11.5320
45.5181 11.5208
45.5180 11.5096
45.5178 11.4984
45.5140 11.4884
45.5097 11.4779
45.5057 11.4673
45.5032 11.4566
45.4981 11.4475
45.4920 11.4398
45.4859 11.4321
45.4798 11.4245
45.4735 11.4170
45.4671 11.4098
45.4608 11.4026
45.4552 11.3934
45.4498 11.3837
45.4444 11.3740
45.4410 11.3653
45.4373 11.3551
45.4336 11.3449
45.4299 11.3347
45.4262 11.3245
45.4216 11.3150
45.4172 11.3052
45.4128 11.2954
45.4093 11.2847
45.4091 11.2735
45.4090 11.2623
45.4091 11.2511
45.4103 11.2400
45.4120 11.2290
45.4137 11.2180
45.4154 11.2070
45.4170 11.1960
45.4187 11.1850
45.4194 11.1738
45.4206 11.1627
45.4217 11.1515
45.4221 11.1403
45.4220 11.1292
45.4201 11.1187
45.4172 11.1087
45.4143 11.0987
45.4132 11.0877
45.4183 11.0792
45.4243 11.0706
45.4285 11.0655
45.4308 11.0559
45.4328 11.0454
45.4357 11.0347
45.4377 11.0242
45.4392 11.0163
45.4362 11.0135
45.4339 11.0076
45.4356 11.0006
45.4386 10.9985
