44.8910 8.8564
44.8955 8.8418
44.9038 8.8379
44.9093 8.8376
44.9093 8.8376
44.9093 8.8376
44.9093 8.8376
44.9093 8.8376
44.9084 8.8454
44.9077 8.8440
44.9152 8.8448
44.9208 8.8613
44.9255 8.8712
44.9338 8.8826
44.9421 8.8939
44.9504 8.9052
44.9587 8.9166
44.9670 8.9279
44.9753 8.9392
44.9836 8.9506
44.9919 8.9619
45.0003 8.9732
45.0044 8.9803
45.0076 8.9890
45.0108 8.9976
45.0137 9.0062
45.0157 9.0146
45.0177 9.0231
45.0197 9.0315
45.0217 9.0399
45.0236 9.0494
45.0245 9.0609
45.0255 9.0725
45.0275 9.0837
45.0292 9.0950
45.0310 9.1062
45.0328 9.1136
45.0371 9.1309
45.0416 9.1464
45.0460 9.1618
45.0504 9.1772
45.0549 9.1926
45.0583 9.2029
45.0617 9.2122
45.0652 9.2216
45.0686 9.2309
45.0710 9.2405
45.0734 9.2501
45.0759 9.2597
45.0783 9.2693
45.0805 9.2798
45.0822 9.2900
45.0829 9.3013
45.0830 9.3130
45.0832 9.3246
45.0836 9.3362
45.0836 9.3362
45.0836 9.3362
45.0836 9.3362
45.0836 9.3362
45.0836 9.3362
45.0836 9.3362
45.0836 9.3362
45.0836 9.3362
45.0836 9.3362
45.0841 9.3479
45.0846 9.3595
45.0851 9.3712
45.0853 9.3828
45.0844 9.3944
45.0824 9.4034
45.0813 9.4143
45.0801 9.4251
45.0787 9.4326
45.0766 9.4426
45.0752 9.4539
45.0738 9.4652
45.0724 9.4764
45.0710 9.4877
45.0696 9.4990
45.0682 9.5103
45.0668 9.5215
45.0654 9.5328
45.0651 9.5445
45.0648 9.5561
45.0645 9.5678
45.0642 9.5795
45.0639 9.5911
45.0635 9.6027
45.0631 9.6144
45.0627 9.6260
45.0623 9.6377
45.0619 9.6493
45.0610 9.6608
45.0613 9.6725
45.0617 9.6841
45.0609 9.6946
45.0573 9.7042
45.0531 9.7093
45.0543 9.7161
45.0551 9.7226
45.0546 9.7342
45.0536 9.7457
45.0524 9.7571
45.0506 9.7628
45.0501 9.7744
45.0496 9.7859
45.0475 9.7963
45.0456 9.8041
45.0445 9.8139
45.0454 9.8239
45.0456 9.8356
45.0456 9.8427
45.0477 9.8519
45.0504 9.8611
45.0531 9.8718
45.0553 9.8824
45.0574 9.8938
45.0578 9.9055
45.0579 9.9171
45.0583 9.9287
45.0602 9.9382
45.0632 9.9484
45.0673 9.9572
45.0717 9.9641
45.0717 9.9641
45.0717 9.9641
45.0717 9.9641
45.0717 9.9641
45.0717 9.9641
45.0717 9.9641
45.0717 9.9641
45.0717 9.9641
45.0717 9.9641
45.0768 9.9717
45.0805 9.9796
45.0848 9.9902
45.0890 10.0008
45.0933 10.0114
45.0975 10.0220
45.1017 10.0326
45.1059 10.0432
45.1105 10.0492
45.1143 10.0562
45.1186 10.0605
45.1264 10.0649
45.1342 10.0692
45.1424 10.0718
45.1506 10.0741
45.1588 10.0772
45.1670 10.0818
45.1751 10.0864
45.1833 10.0911
45.1915 10.0957
45.1997 10.1003
45.2079 10.1050
45.2160 10.1096
45.2242 10.1140
45.2324 10.1166
45.2407 10.1193
45.2489 10.1219
45.2571 10.1246
45.2654 10.1272
45.2736 10.1299
45.2818 10.1325
45.2901 10.1352
45.2983 10.1378
45.3065 10.1405
45.3146 10.1446
45.3228 10.1486
45.3310 10.1527
45.3392 10.1568
45.3473 10.1608
45.3555 10.1649
45.3637 10.1689
45.3719 10.1731
45.3800 10.1773
45.3882 10.1815
45.3964 10.1857
45.4046 10.1899
45.4128 10.1941
45.4209 10.1983
45.4291 10.2025
45.4373 10.2067
45.4455 10.2109
45.4542 10.2139
45.4628 10.2180
45.4710 10.2208
45.4792 10.2236
45.4874 10.2265
45.4957 10.2298
45.4996 10.2337
45.5037 10.2402
45.5029 10.2464
45.4984 10.2631
45.4939 10.2787
45.4883 10.2974
45.4838 10.3153
45.4800 10.3323
45.4800 10.3323
45.4800 10.3323
45.4800 10.3323
45.4800 10.3323
45.4800 10.3323
45.4800 10.3323
45.4800 10.3323
45.4800 10.3323
45.4800 10.3323
45.4800 10.3323
45.4800 10.3323
45.4800 10.3323
45.4800 10.3323
45.4800 10.3323
45.4800 10.3323
45.4800 10.3323
45.4800 10.3323
45.4800 10.3323
45.4800 10.3323
45.4761 10.3494
45.4723 10.3664
45.4684 10.3835
45.4649 10.4048
45.4632 10.4267
45.4614 10.4418
45.4572 10.4582
45.4538 10.4735
45.4533 10.4850
45.4526 10.4967
45.4510 10.5059
45.4499 10.5174
45.4475 10.5317
45.4442 10.5458
45.4420 10.5570
45.4398 10.5683
45.4376 10.5795
45.4354 10.5908
45.4342 10.6022
45.4334 10.6171
45.4328 10.6288
45.4320 10.6434
45.4309 10.6601
45.4299 10.6767
45.4293 10.6908
45.4293 10.7025
45.4293 10.7142
45.4294 10.7259
45.4276 10.7456
45.4258 10.7634
45.4234 10.7760
45.4199 10.7858
45.4179 10.7946
45.4168 10.8049
45.4162 10.8142
45.4168 10.8258
45.4168 10.8258
45.4168 10.8258
45.4168 10.8258
45.4168 10.8258
45.4168 10.8258
45.4168 10.8258
45.4168 10.8258
45.4168 10.8258
45.4168 10.8258
45.4168 10.8258
45.4168 10.8258
45.4168 10.8258
45.4168 10.8258
45.4177 10.8349
45.4172 10.8465
45.4158 10.8549
45.4144 10.8660
45.4136 10.8803
45.4131 10.8906
45.4107 10.9034
45.4082 10.9130
45.4057 10.9225
45.4027 10.9333
45.3999 10.9479
45.3980 10.9576
45.3971 10.9691
45.3962 10.9687
45.3976 10.9678
45.4001 10.9724
45.4072 10.9760
45.4144 10.9797
45.4224 10.9837
45.4304 10.9878
45.4329 10.9912
45.4370 10.9946
45.4386 10.9985
