45.0683 7.6831
45.0667 7.6828
45.0650 7.6824
45.0632 7.6819
45.0614 7.6814
45.0595 7.6808
45.0577 7.6802
45.0558 7.6796
45.0539 7.6790
45.0520 7.6784
45.0501 7.6778
45.0482 7.6772
45.0463 7.6766
45.0444 7.6760
45.0425 7.6754
45.0406 7.6748
45.0387 7.6742
45.0368 7.6736
45.0349 7.6730
45.0330 7.6724
45.0310 7.6720
45.0290 7.6717
45.0270 7.6715
45.0250 7.6714
45.0230 7.6714
45.0210 7.6715
45.0190 7.6718
45.0170 7.6722
45.0150 7.6727
45.0130 7.6733
45.0110 7.6740
45.0090 7.6748
45.0070 7.6757
45.0050 7.6767
45.0030 7.6778
45.0010 7.6790
44.9990 7.6803
44.9970 7.6817
44.9950 7.6832
44.9930 7.6848
44.9910 7.6865
44.9890 7.6883
44.9870 7.6902
44.9850 7.6922
44.9830 7.6943
44.9810 7.6965
44.9790 7.6988
44.9770 7.7012
44.9750 7.7037
44.9730 7.7063